1.000000000	0.001260000	0.000000000
0.999937695	0.001268742	0.000000000
0.999750795	0.001294961	0.000000000
0.999439346	0.001338638	0.000000000
0.999003427	0.001399743	0.000000000
0.998443145	0.001478232	0.000000000
0.997758641	0.001574049	0.000000000
0.996950085	0.001687127	0.000000000
0.996017679	0.001817385	0.000000000
0.994961655	0.001964732	0.000000000
0.993782276	0.002129065	0.000000000
0.992479836	0.002310267	0.000000000
0.991054660	0.002508212	0.000000000
0.989507103	0.002722763	0.000000000
0.987837550	0.002953770	0.000000000
0.986046418	0.003201075	0.000000000
0.984134153	0.003464508	0.000000000
0.982101231	0.003743888	0.000000000
0.979948160	0.004039026	0.000000000
0.977675476	0.004349722	0.000000000
0.975283745	0.004675768	0.000000000
0.972773563	0.005016945	0.000000000
0.970145556	0.005373028	0.000000000
0.967400379	0.005743782	0.000000000
0.964538716	0.006128964	0.000000000
0.961561281	0.006528324	0.000000000
0.958468814	0.006941604	0.000000000
0.955262088	0.007368542	0.000000000
0.951941900	0.007808864	0.000000000
0.948509079	0.008262295	0.000000000
0.944964481	0.008728551	0.000000000
0.941308988	0.009207343	0.000000000
0.937543511	0.009698378	0.000000000
0.933668990	0.010201357	0.000000000
0.929686389	0.010715977	0.000000000
0.925596701	0.011241929	0.000000000
0.921400945	0.011778903	0.000000000
0.917100168	0.012326584	0.000000000
0.912695441	0.012884652	0.000000000
0.908187861	0.013452785	0.000000000
0.903578552	0.014030660	0.000000000
0.898868663	0.014617948	0.000000000
0.894059367	0.015214321	0.000000000
0.889151864	0.015819445	0.000000000
0.884147376	0.016432987	0.000000000
0.879047150	0.017054611	0.000000000
0.873852458	0.017683979	0.000000000
0.868564594	0.018320752	0.000000000
0.863184876	0.018964589	0.000000000
0.857714644	0.019615148	0.000000000
0.852155263	0.020272086	0.000000000
0.846508117	0.020935058	0.000000000
0.840774614	0.021603718	0.000000000
0.834956183	0.022277720	0.000000000
0.829054274	0.022956715	0.000000000
0.823070357	0.023640355	0.000000000
0.817005925	0.024328289	0.000000000
0.810862488	0.025020167	0.000000000
0.804641578	0.025715634	0.000000000
0.798344744	0.026414337	0.000000000
0.791973557	0.027115922	0.000000000
0.785529604	0.027820032	0.000000000
0.779014491	0.028526308	0.000000000
0.772429841	0.029234391	0.000000000
0.765777297	0.029943919	0.000000000
0.759058515	0.030654530	0.000000000
0.752275170	0.031365857	0.000000000
0.745428954	0.032077534	0.000000000
0.738521571	0.032789192	0.000000000
0.731554743	0.033500457	0.000000000
0.724530207	0.034210957	0.000000000
0.717449714	0.034920314	0.000000000
0.710315027	0.035628148	0.000000000
0.703127926	0.036334078	0.000000000
0.695890201	0.037037717	0.000000000
0.688603656	0.037738677	0.000000000
0.681270107	0.038436567	0.000000000
0.673891381	0.039130991	0.000000000
0.666469319	0.039821551	0.000000000
0.659005768	0.040507846	0.000000000
0.651502590	0.041189470	0.000000000
0.643961655	0.041866015	0.000000000
0.636384841	0.042537069	0.000000000
0.628774037	0.043202215	0.000000000
0.621131140	0.043861035	0.000000000
0.613458054	0.044513107	0.000000000
0.605756693	0.045158003	0.000000000
0.598028975	0.045795295	0.000000000
0.590276825	0.046424549	0.000000000
0.582502177	0.047045332	0.000000000
0.574706968	0.047657203	0.000000000
0.566893140	0.048259721	0.000000000
0.559062641	0.048852443	0.000000000
0.551217422	0.049434922	0.000000000
0.543359439	0.050006710	0.000000000
0.535490650	0.050567356	0.000000000
0.527613016	0.051116409	0.000000000
0.519728500	0.051653416	0.000000000
0.511839067	0.052177922	0.000000000
0.503946683	0.052689475	0.000000000
0.496053317	0.053187620	0.000000000
0.488160933	0.053671902	0.000000000
0.480271500	0.054141869	0.000000000
0.472386984	0.054597069	0.000000000
0.464509350	0.055037052	0.000000000
0.456640561	0.055461369	0.000000000
0.448782578	0.055869578	0.000000000
0.440937359	0.056261234	0.000000000
0.433106860	0.056635902	0.000000000
0.425293032	0.056993147	0.000000000
0.417497823	0.057332543	0.000000000
0.409723175	0.057653666	0.000000000
0.401971025	0.057956100	0.000000000
0.394243307	0.058239436	0.000000000
0.386541946	0.058503274	0.000000000
0.378868860	0.058747219	0.000000000
0.371225963	0.058970886	0.000000000
0.363615159	0.059173902	0.000000000
0.356038345	0.059355900	0.000000000
0.348497410	0.059516527	0.000000000
0.340994232	0.059655440	0.000000000
0.333530681	0.059772307	0.000000000
0.326108619	0.059866810	0.000000000
0.318729893	0.059938645	0.000000000
0.311396344	0.059987519	0.000000000
0.304109799	0.060013155	0.000000000
0.296872074	0.060015290	0.000000000
0.289684973	0.059993678	0.000000000
0.282550286	0.059948088	0.000000000
0.275469793	0.059878304	0.000000000
0.268445257	0.059784128	0.000000000
0.261478429	0.059665379	0.000000000
0.254571046	0.059521894	0.000000000
0.247724830	0.059353527	0.000000000
0.240941485	0.059160150	0.000000000
0.234222703	0.058941656	0.000000000
0.227570159	0.058697954	0.000000000
0.220985509	0.058428972	0.000000000
0.214470396	0.058134659	0.000000000
0.208026443	0.057814982	0.000000000
0.201655256	0.057469927	0.000000000
0.195358422	0.057099501	0.000000000
0.189137512	0.056703729	0.000000000
0.182994075	0.056282655	0.000000000
0.176929643	0.055836344	0.000000000
0.170945726	0.055364878	0.000000000
0.165043817	0.054868358	0.000000000
0.159225386	0.054346907	0.000000000
0.153491883	0.053800661	0.000000000
0.147844737	0.053229779	0.000000000
0.142285356	0.052634436	0.000000000
0.136815124	0.052014822	0.000000000
0.131435406	0.051371148	0.000000000
0.126147542	0.050703638	0.000000000
0.120952850	0.050012533	0.000000000
0.115852624	0.049298089	0.000000000
0.110848136	0.048560579	0.000000000
0.105940633	0.047800285	0.000000000
0.101131337	0.047017508	0.000000000
0.096421448	0.046212556	0.000000000
0.091812139	0.045385754	0.000000000
0.087304559	0.044537434	0.000000000
0.082899832	0.043667940	0.000000000
0.078599055	0.042777625	0.000000000
0.074403299	0.041866852	0.000000000
0.070313611	0.040935988	0.000000000
0.066331010	0.039985411	0.000000000
0.062456489	0.039015501	0.000000000
0.058691012	0.038026645	0.000000000
0.055035519	0.037019234	0.000000000
0.051490921	0.035993660	0.000000000
0.048058100	0.034950319	0.000000000
0.044737912	0.033889606	0.000000000
0.041531186	0.032811918	0.000000000
0.038438719	0.031717650	0.000000000
0.035461284	0.030607195	0.000000000
0.032599621	0.029480942	0.000000000
0.029854444	0.028339279	0.000000000
0.027226437	0.027182586	0.000000000
0.024716255	0.026011240	0.000000000
0.022324524	0.024825608	0.000000000
0.020051840	0.023626053	0.000000000
0.017898769	0.022412929	0.000000000
0.015865847	0.021186577	0.000000000
0.013953582	0.019947334	0.000000000
0.012162450	0.018695521	0.000000000
0.010492897	0.017431450	0.000000000
0.008945340	0.016155420	0.000000000
0.007520164	0.014867719	0.000000000
0.006217724	0.013568618	0.000000000
0.005038345	0.012258376	0.000000000
0.003982321	0.010937239	0.000000000
0.003049915	0.009605434	0.000000000
0.002241359	0.008263176	0.000000000
0.001556855	0.006910661	0.000000000
0.000996573	0.005548071	0.000000000
0.000560654	0.004175571	0.000000000
0.000249205	0.002793308	0.000000000
0.000062305	0.001401413	0.000000000
0.000000000	0.000000000	0.000000000
0.000062305	-0.001401413	0.000000000
0.000249205	-0.002793308	0.000000000
0.000560654	-0.004175571	0.000000000
0.000996573	-0.005548071	0.000000000
0.001556855	-0.006910661	0.000000000
0.002241359	-0.008263176	0.000000000
0.003049915	-0.009605434	0.000000000
0.003982321	-0.010937239	0.000000000
0.005038345	-0.012258376	0.000000000
0.006217724	-0.013568618	0.000000000
0.007520164	-0.014867719	0.000000000
0.008945340	-0.016155420	0.000000000
0.010492897	-0.017431450	0.000000000
0.012162450	-0.018695521	0.000000000
0.013953582	-0.019947334	0.000000000
0.015865847	-0.021186577	0.000000000
0.017898769	-0.022412929	0.000000000
0.020051840	-0.023626053	0.000000000
0.022324524	-0.024825608	0.000000000
0.024716255	-0.026011240	0.000000000
0.027226437	-0.027182586	0.000000000
0.029854444	-0.028339279	0.000000000
0.032599621	-0.029480942	0.000000000
0.035461284	-0.030607195	0.000000000
0.038438719	-0.031717650	0.000000000
0.041531186	-0.032811918	0.000000000
0.044737912	-0.033889606	0.000000000
0.048058100	-0.034950319	0.000000000
0.051490921	-0.035993660	0.000000000
0.055035519	-0.037019234	0.000000000
0.058691012	-0.038026645	0.000000000
0.062456489	-0.039015501	0.000000000
0.066331010	-0.039985411	0.000000000
0.070313611	-0.040935988	0.000000000
0.074403299	-0.041866852	0.000000000
0.078599055	-0.042777625	0.000000000
0.082899832	-0.043667940	0.000000000
0.087304559	-0.044537434	0.000000000
0.091812139	-0.045385754	0.000000000
0.096421448	-0.046212556	0.000000000
0.101131337	-0.047017508	0.000000000
0.105940633	-0.047800285	0.000000000
0.110848136	-0.048560579	0.000000000
0.115852624	-0.049298089	0.000000000
0.120952850	-0.050012533	0.000000000
0.126147542	-0.050703638	0.000000000
0.131435406	-0.051371148	0.000000000
0.136815124	-0.052014822	0.000000000
0.142285356	-0.052634436	0.000000000
0.147844737	-0.053229779	0.000000000
0.153491883	-0.053800661	0.000000000
0.159225386	-0.054346907	0.000000000
0.165043817	-0.054868358	0.000000000
0.170945726	-0.055364878	0.000000000
0.176929643	-0.055836344	0.000000000
0.182994075	-0.056282655	0.000000000
0.189137512	-0.056703729	0.000000000
0.195358422	-0.057099501	0.000000000
0.201655256	-0.057469927	0.000000000
0.208026443	-0.057814982	0.000000000
0.214470396	-0.058134659	0.000000000
0.220985509	-0.058428972	0.000000000
0.227570159	-0.058697954	0.000000000
0.234222703	-0.058941656	0.000000000
0.240941485	-0.059160150	0.000000000
0.247724830	-0.059353527	0.000000000
0.254571046	-0.059521894	0.000000000
0.261478429	-0.059665379	0.000000000
0.268445257	-0.059784128	0.000000000
0.275469793	-0.059878304	0.000000000
0.282550286	-0.059948088	0.000000000
0.289684973	-0.059993678	0.000000000
0.296872074	-0.060015290	0.000000000
0.304109799	-0.060013155	0.000000000
0.311396344	-0.059987519	0.000000000
0.318729893	-0.059938645	0.000000000
0.326108619	-0.059866810	0.000000000
0.333530681	-0.059772307	0.000000000
0.340994232	-0.059655440	0.000000000
0.348497410	-0.059516527	0.000000000
0.356038345	-0.059355900	0.000000000
0.363615159	-0.059173902	0.000000000
0.371225963	-0.058970886	0.000000000
0.378868860	-0.058747219	0.000000000
0.386541946	-0.058503274	0.000000000
0.394243307	-0.058239436	0.000000000
0.401971025	-0.057956100	0.000000000
0.409723175	-0.057653666	0.000000000
0.417497823	-0.057332543	0.000000000
0.425293032	-0.056993147	0.000000000
0.433106860	-0.056635902	0.000000000
0.440937359	-0.056261234	0.000000000
0.448782578	-0.055869578	0.000000000
0.456640561	-0.055461369	0.000000000
0.464509350	-0.055037052	0.000000000
0.472386984	-0.054597069	0.000000000
0.480271500	-0.054141869	0.000000000
0.488160933	-0.053671902	0.000000000
0.496053317	-0.053187620	0.000000000
0.503946683	-0.052689475	0.000000000
0.511839067	-0.052177922	0.000000000
0.519728500	-0.051653416	0.000000000
0.527613016	-0.051116409	0.000000000
0.535490650	-0.050567356	0.000000000
0.543359439	-0.050006710	0.000000000
0.551217422	-0.049434922	0.000000000
0.559062641	-0.048852443	0.000000000
0.566893140	-0.048259721	0.000000000
0.574706968	-0.047657203	0.000000000
0.582502177	-0.047045332	0.000000000
0.590276825	-0.046424549	0.000000000
0.598028975	-0.045795295	0.000000000
0.605756693	-0.045158003	0.000000000
0.613458054	-0.044513107	0.000000000
0.621131140	-0.043861035	0.000000000
0.628774037	-0.043202215	0.000000000
0.636384841	-0.042537069	0.000000000
0.643961655	-0.041866015	0.000000000
0.651502590	-0.041189470	0.000000000
0.659005768	-0.040507846	0.000000000
0.666469319	-0.039821551	0.000000000
0.673891381	-0.039130991	0.000000000
0.681270107	-0.038436567	0.000000000
0.688603656	-0.037738677	0.000000000
0.695890201	-0.037037717	0.000000000
0.703127926	-0.036334078	0.000000000
0.710315027	-0.035628148	0.000000000
0.717449714	-0.034920314	0.000000000
0.724530207	-0.034210957	0.000000000
0.731554743	-0.033500457	0.000000000
0.738521571	-0.032789192	0.000000000
0.745428954	-0.032077534	0.000000000
0.752275170	-0.031365857	0.000000000
0.759058515	-0.030654530	0.000000000
0.765777297	-0.029943919	0.000000000
0.772429841	-0.029234391	0.000000000
0.779014491	-0.028526308	0.000000000
0.785529604	-0.027820032	0.000000000
0.791973557	-0.027115922	0.000000000
0.798344744	-0.026414337	0.000000000
0.804641578	-0.025715634	0.000000000
0.810862488	-0.025020167	0.000000000
0.817005925	-0.024328289	0.000000000
0.823070357	-0.023640355	0.000000000
0.829054274	-0.022956715	0.000000000
0.834956183	-0.022277720	0.000000000
0.840774614	-0.021603718	0.000000000
0.846508117	-0.020935058	0.000000000
0.852155263	-0.020272086	0.000000000
0.857714644	-0.019615148	0.000000000
0.863184876	-0.018964589	0.000000000
0.868564594	-0.018320752	0.000000000
0.873852458	-0.017683979	0.000000000
0.879047150	-0.017054611	0.000000000
0.884147376	-0.016432987	0.000000000
0.889151864	-0.015819445	0.000000000
0.894059367	-0.015214321	0.000000000
0.898868663	-0.014617948	0.000000000
0.903578552	-0.014030660	0.000000000
0.908187861	-0.013452785	0.000000000
0.912695441	-0.012884652	0.000000000
0.917100168	-0.012326584	0.000000000
0.921400945	-0.011778903	0.000000000
0.925596701	-0.011241929	0.000000000
0.929686389	-0.010715977	0.000000000
0.933668990	-0.010201357	0.000000000
0.937543511	-0.009698378	0.000000000
0.941308988	-0.009207343	0.000000000
0.944964481	-0.008728551	0.000000000
0.948509079	-0.008262295	0.000000000
0.951941900	-0.007808864	0.000000000
0.955262088	-0.007368542	0.000000000
0.958468814	-0.006941604	0.000000000
0.961561281	-0.006528324	0.000000000
0.964538716	-0.006128964	0.000000000
0.967400379	-0.005743782	0.000000000
0.970145556	-0.005373028	0.000000000
0.972773563	-0.005016945	0.000000000
0.975283745	-0.004675768	0.000000000
0.977675476	-0.004349722	0.000000000
0.979948160	-0.004039026	0.000000000
0.982101231	-0.003743888	0.000000000
0.984134153	-0.003464508	0.000000000
0.986046418	-0.003201075	0.000000000
0.987837550	-0.002953770	0.000000000
0.989507103	-0.002722763	0.000000000
0.991054660	-0.002508212	0.000000000
0.992479836	-0.002310267	0.000000000
0.993782276	-0.002129065	0.000000000
0.994961655	-0.001964732	0.000000000
0.996017679	-0.001817385	0.000000000
0.996950085	-0.001687127	0.000000000
0.997758641	-0.001574049	0.000000000
0.998443145	-0.001478232	0.000000000
0.999003427	-0.001399743	0.000000000
0.999439346	-0.001338638	0.000000000
0.999750795	-0.001294961	0.000000000
0.999937695	-0.001268742	0.000000000
1.000000000	-0.001260000	0.000000000
